61 1 6 174 78 136
62 1 49 106 72 128
63 1 91 37 65 119
65 2 240 662 79 98
66 2 244 606 73 105
67 2 262 512 80 102
68 2 283 433 101 107
69 2 339 339 94 111
70 2 394 245 87 115
71 2 450 151 79 118
71 3 184 18 90 117
72 2 505 57 72 122
72 3 146 13 111 108
73 3 109 9 132 98
74 3 71 4 153 89
75 3 43 0 129 37
172 4 463 282 95 144
173 4 496 203 86 148
173 5 204 562 84 98
174 4 543 105 77 130
174 5 227 492 88 103
175 4 607 8 69 118
175 5 251 421 92 109
176 5 274 351 96 114
177 5 297 280 100 119
178 5 329 152 84 150
179 5 354 46 82 142
291 6 17 478 60 96
292 6 32 382 60 92
293 6 48 287 60 87
294 6 63 191 60 83
295 6 79 96 60 78
296 6 94 0 60 74
298 7 521 679 78 126
299 7 503 615 78 124
300 7 486 551 77 121
301 7 468 487 77 119
302 7 450 423 76 116
303 7 396 324 81 119
304 7 343 226 86 123
305 7 289 127 91 126
306 7 235 28 96 129
329 8 1029 3 88 106
330 8 943 6 62 132
331 8 796 27 66 135
332 8 648 48 71 137
333 8 501 68 75 140
334 8 353 89 79 142
335 8 267 134 83 144
336 8 220 159 87 146
337 8 250 208 82 144
338 8 279 256 77 141
339 8 309 305 72 139
340 8 338 353 67 136
341 8 368 402 62 134
342 8 339 465 65 138
343 8 310 528 69 143
344 8 281 591 72 147
345 8 249 648 69 136
346 8 216 704 66 124
347 8 203 719 68 129
348 8 229 721 71 134
349 8 255 723 73 139
350 8 268 729 75 144
351 8 357 751 75 149
352 8 422 763 77 154
353 8 486 774 79 159
354 8 487 788 74 154
355 8 487 801 70 148
356 8 488 815 65 143
381 9 450 694 127 108
382 9 481 661 124 109
383 9 513 627 121 109
384 9 544 594 118 110
385 9 580 513 115 111
386 9 616 432 113 111
387 9 651 350 110 112
388 9 687 269 107 112
389 9 718 182 104 112
390 9 749 95 102 113
391 9 780 8 99 113
406 10 186 448 89 121
407 10 231 426 97 118
408 10 275 403 104 115
409 10 335 382 102 121
410 10 395 362 99 128
411 10 455 341 97 134
412 10 516 321 95 140
413 10 576 300 92 146
414 10 636 279 90 153
415 10 696 259 87 159
416 10 756 238 85 165
417 10 802 218 80 165
418 10 848 198 74 165
419 10 827 175 89 149
420 10 805 153 103 133
421 10 784 130 118 117
422 10 727 85 125 98
504 12 1179 11 82 116
505 12 1090 29 81 122
506 12 1000 47 80 128
507 12 911 65 80 135
508 12 821 83 79 141
509 12 732 101 78 147
510 12 629 94 83 145
511 11 50 404 69 141
511 12 526 88 88 143
512 11 60 320 66 129
512 12 423 81 93 140
513 11 69 235 63 117
513 12 320 74 98 138
514 11 79 151 60 105
514 12 208 63 108 126
515 11 86 72 40 113
515 12 120 56 106 127
516 12 32 49 103 127
618 13 1454 268 137 126
619 13 1373 248 130 123
620 13 1292 227 123 121
621 13 1211 207 116 118
622 13 1116 174 125 119
623 13 1021 141 133 120
624 13 944 135 128 125
625 13 867 128 123 131
626 13 789 122 117 136
627 13 712 115 112 142
628 13 635 109 107 147
629 13 546 110 111 146
630 13 458 110 115 145
630 14 125 569 55 105
631 13 369 111 119 143
631 14 118 522 40 85
632 13 281 111 123 142
632 14 89 477 43 90
633 13 192 112 127 141
633 14 59 433 45 96
634 13 115 118 120 118
634 14 30 388 48 101
635 13 38 124 112 95
635 14 0 331 36 111
637 15 212 708 54 79
638 15 273 650 59 67
639 15 305 584 60 107
640 15 346 553 112 76
641 15 430 479 105 84
642 15 515 405 97 93
643 15 599 331 90 101
644 15 683 256 82 109
645 15 768 182 75 118
646 15 852 108 67 126
745 16 654 572 82 160
746 16 599 547 88 153
746 17 310 724 89 95
747 16 544 521 94 145
747 17 314 653 94 111
748 16 489 496 100 138
748 17 317 581 99 127
749 16 434 470 106 130
749 17 341 519 83 94
750 16 382 440 108 130
750 17 371 440 87 93
751 16 330 410 110 130
751 17 401 361 91 91
752 16 279 380 113 129
752 17 432 283 95 90
753 16 227 350 115 129
753 17 462 204 98 88
754 16 175 320 117 129
754 17 492 125 102 87
755 16 117 288 113 134
755 17 522 46 106 85
756 16 59 257 108 138
757 16 1 225 104 143
780 18 1 153 79 113
781 18 39 117 88 105
782 18 78 80 96 98
783 18 116 44 105 90
784 18 154 7 113 82
809 19 333 641 73 97
810 19 358 544 77 107
811 19 384 448 81 116
812 19 409 351 85 126
813 19 444 235 79 132
814 19 478 119 73 137
824 20 135 323 65 135
825 20 142 221 62 132
826 20 150 120 58 129
827 20 157 18 55 126
